33464
38564
42692
46929
19525
22075
24539
26433
33043
36394
39421
41834
29522
33181
36875
39671
30087
33796
37181
40648
25326
27951
30741
33090
32819
35711
37697
39226
38460
43415
47428
50160
50760
56649
61996
65201
57974
59900
67836
71046
19265
22195
25322
27264
34500
38914
42795
47850
0.99
1.05
1.04
1.13
0.73
0.79
0.86
0.83
0.016
0.017
0.018
0.019
0.004
0.006
0.007
0.008
1.02
1.07
1.13
1.07
1.1
1.43
1.69
1.72
1.19
1.19
1.15
1.15
0.96
1.01
1.35
1.25
2.23
2.22
2.28
2.14
0.94
0.81
0.85
0.84
0.96
0.91
1.04
0.97
0.97
0.97
1.26
1.15
0.86
0.86
0.95
1.03
0.33
0.36
0.37
0.39
0.006
0.006
0.006
0.007
0.01
0.01
0.009
0.009
0.02
0.03
0.06
0.05
0.48
0.52
0.56
0.52
2.38
2.53
2.38
2.56
1.04
1.07
0.98
1.01
1
1.05
1.09
1.1
0.12
0.13
0.14
0.13
0.96
0.91
0.95
1.03
1.12
1.23
1.08
1.22
1.99
1.99
2.14
2.07
0.48
0.52
0.56
0.52
0.73
0.78
0.82
0.85
0.75
0.69
0.64
0.62
0.5
0.53
0.54
0.53
0.69
0.75
0.78
0.71
1.02
1.06
1.13
1.07
0.84
0.91
0.92
0.94
1.63
1.57
1.63
1.52
0.6
0.64
0.7
0.68
0.63
0.66
0.67
0.67
1.28
1.4
1.39
1.41
73501
82428
93494
97138
21332
24290
25049
27124
7359
8073
8234
9500
5004
5181
4767
4731
15440
15671
15822
15662
40135
41268
40664
41208
66599
65118
62660
62648
44815
45749
48008
49774
80977
87180
94885
99586
27604
31819
37277
36435
25092
27817
28483
30523
40698
46112
52612
58354
11662
10034
12836
22820
2383
3552
4737
5097
613
844
1211
1424
538
527
502
619
2642
3440
4998
5238
4402
5900
7884
9664
12236
20268
19819
15412
4920
5923
6219
6696
19176
21216
21656
19525
2262
3090
3836
4031
4199
5853
6804
8124
15525
20364
24828
24312
215.37
334.82
533.31
639.98
52.64
73.06
99.99
114.52
3.94
2.91
1.43
3.18
11.46
21.06
26.89
35.43
2.783
2.857
2.965
3.162
5.64
2.52
7.34
11.58
62.07
100.45
101.77
120.28
26.3
25.1
34.7
28.2
159.7
230.7
180
250.9
73.42
218.43
158.93
157.67
11.71
45.48
42
47.92
68.14
54.02
90.28
156.2
66997
64336
64353
64798
3178
3342
3328
3868
8077
7881
7557
8452
2564
4195
3046
2742
20018
20382
20883
21228
3178
3342
3328
3868
4626
3781
3835
3791
47362
36838
38422
39186
47362
36838
37836
39186
737
823
1005
948
3178
3342
3328
3868
34166
36697
36555
38405
384932
468407
331484
328561
149820
260028
299229
290337
148544
251093
237415
262545
263606
275036
290417
307456
226848
249202
265325
285958
256677
355890
318323
294770
220377
272229
242528
251080
244299
313780
390827
311540
244299
313780
390827
311540
189534
263203
272421
275055
209120
261167
279802
283468
175332
261969
298643
303363
0.846
0.816
0.787
0.708
1.28
1.21
1.15
1.1
2.79
2.66
2.51
2.43
2.44
2.47
2.41
1.78
1.5
1.57
1.63
1.65
0.68
0.65
0.63
0.6
0.8
0.73
0.67
0.62
0.91
0.84
0.72
0.67
0.68
0.63
0.55
0.51
1.41
1.33
1.27
1.18
1.09
1.01
0.97
0.94
0.95
0.89
0.77
0.66 